0000088080808000 1200

0004088080808000 40
0000088080808000 1000
0004088080808000 40
0000088080808000 1200
00000880ff808000 40
0004088080808000 40
0000088080808000 1200
0004088080808000 40
0000088080808000 1200
0004088080808000 40
0000088080808000 1000
0004088080808000 40
0000088080808000 4000
0004088080808000 40
0000088080808000 1200
0004088080808000 40
0000088080808000 1000
0004088080808000 40
0000088080808000 1000
0004088080808000 40
0000088080808000 4200
0004088080808000 40
0000088080808000 2000
0004088080808000 40
0000088080808000 1200
