# demo script showing all commands, note that all commands can be combined
# initial position
0000088080808000 1000
0000088080808000 1000
0000088080808000 1000
0000088080808000 1000
0000088080808000 1000
0000088080808000 1000
0000088080808000 1000
0000088080808000 1000
0000088080808000 1000
0000088080808000 1000
0000088080808000 1000
0000088080808000 1000
0000088080808000 1000
0000088080808000 1000
0000088080808000 1000
0000088080808000 1000
0000088080808000 1000
0000088080808000 1000
0000088080808000 1000
0000088080808000 1000
0000088080808000 1000
0000088080808000 1000

