0000088080808000 498
0002088080808000 107
0000088080808000 236
0002088080808000 101
0000088080808000 87
0002088080808000 83
0000088080808000 83
0002088080808000 92
0000088080808000 75
0002088080808000 75
0000088080808000 78
0002088080808000 82
0000088080808000 80
0002088080808000 84
0000088080808000 85
0002088080808000 77
0000088080808000 82
0002088080808000 74
0000088080808000 94
0002088080808000 78
0000088080808000 81
0002088080808000 66
0000088080808000 94
0002088080808000 81
0000088080808000 86
0002088080808000 92
0000088080808000 75
0002088080808000 100
0000088080808000 68
0002088080808000 83
0000088080808000 81
0002088080808000 89
0000088080808000 108
0002088080808000 58
0000088080808000 82
0002088080808000 92
0000088080808000 76
0002088080808000 74
0000088080808000 213
0001088080808000 132
0000088080808000 814
0000088080808000 8
000008ff80808000 8
000008ff80808000 8
000008ff80808000 3
000008ff80808000 8
000008ff80808000 15
000008ff80808000 42
000008ff80808000 8
000008ff80808000 8
000008ff80808000 3
000008ff80808000 9
000008ff80808000 8
0000088080808000 1121

0000088080808000 345
0008088080808000 100
0000088080808000 89
0008088080808000 59
0000088080808000 103
0008088080808000 64
0000088080808000 105
0008088080808000 53
0000088080808000 92
0008088080808000 75
0000088080808000 87
0008088080808000 71
0000088080808000 84
0008088080808000 75
