1000088080808000 100
0000088080808000 400
00000880ff808000 40
000008ff80808000 40
0000088080808000 40
000008ff80808000 40
0000088080808000 40
000008ff80808000 40
0000088080808000 40
000008ff80808000 40
0000088080808000 650
0004088080808000 40
0000088080808000 500
00000880ff808000 1500
0000088080808000 415
0004088080808000 141
0000088080808000 1163
00000880ff808000 85
0000088080808000 163
00000880ff808000 82
0000088080808000 360
00000880ff808000 114
0000088080808000 197
00000880ff808000 58
0000088080808000 212
0004088080808000 104
0000088080808000 920
00000880ff808000 100
0000088080808000 217
00000880ff808000 107

# return
1000088080808000 100
0000088080808000 1000
1000088080808000 100
0000088080808000 1000
